2 36192.4
2.01 35137.8
2.03 33119.3
2.06 30305.4
2.1 26918.1
2.15 23204
2.21 19404.4
2.28 15731.1
2.36 12349.3
2.45 9370.04
2.55 6850.81
2.66 4802.52
2.78 3200.09
2.91 1994.42
3.05 1123.63
3.2 522.402
3.36 128.683
3.53 -112.084
3.71 -244.997
3.9 -305.391
4.1 -319.638
4.31 -306.53
4.53 -278.853
4.76 -244.891
5 -209.721
5.25 -176.236
5.51 -145.906
5.78 -119.324
6.06 -96.5612
6.35 -77.4088
6.65 -61.518
6.96 -48.4879
7.28 -37.914
7.61 -29.4153
7.95 -22.6459
8.3 -17.301
8.66 -13.1168
9.03 -9.86874
9.41 -7.36839
9.8 -5.4596
10.2 -4.01442
10.61 -2.92927
11.03 -2.12112
11.46 -1.5242
11.9 -1.08689
12.35 -0.769126
12.81 -0.540101
13.28 -0.376373
13.76 -0.260271
14.25 -0.178607
14.75 -0.121628
15.26 -0.0821928
15.78 -0.0551185
16.31 -0.0366795
16.85 -0.0242222
17.4 -0.0158733
17.96 -0.0103224
18.53 -0.00666132
19.11 -0.00426581
19.7 -0.00271085
20.3 -0.00170952
20.91 -0.0010698
21.53 -0.000664349
22.16 -0.000409404
22.8 -0.000250363
23.45 -0.000151933
24.11 -9.14948e-05
24.78 -5.46768e-05
25.46 -3.24245e-05
26.15 -1.90812e-05
26.85 -1.1143e-05
27.56 -6.45741e-06
28.28 -3.71347e-06
29.01 -2.11916e-06
29.75 -1.20008e-06
30.5 -6.74402e-07
31.26 -3.76089e-07
32.03 -2.08126e-07
32.81 -1.14294e-07
33.6 -6.2285e-08
34.4 -3.36827e-08
35.21 -1.80756e-08
36.03 -9.62591e-09
36.86 -5.0869e-09
37.7 -2.66764e-09
38.55 -1.38824e-09
39.41 -7.1691e-10
40.28 -3.6739e-10
41.16 -1.86833e-10
42.05 -9.42847e-11
42.95 -4.72163e-11
43.86 -2.34642e-11
44.78 -1.15713e-11
45.71 -5.66268e-12
46.65 -2.74995e-12
47.6 -1.32522e-12
48.56 -6.33749e-13
49.53 -3.00751e-13
50.51 -1.41632e-13
51.5 -6.61877e-14
