4.095 2.07371
4.105 1.9471
4.115 1.82358
4.125 1.70309
4.135 1.58556
4.145 1.47094
4.155 1.35914
4.165 1.25012
4.175 1.14382
4.185 1.04016
4.195 0.939102
4.205 0.840581
4.215 0.744542
4.225 0.650931
4.235 0.559695
4.245 0.470782
4.255 0.384141
4.265 0.299721
4.275 0.217475
4.285 0.137355
4.295 0.0593128
4.305 -0.0166959
4.315 -0.0907162
4.325 -0.162792
4.335 -0.232966
4.345 -0.30128
4.355 -0.367775
4.365 -0.432491
4.375 -0.495468
4.385 -0.556743
4.395 -0.616355
4.405 -0.67434
4.415 -0.730734
4.425 -0.785573
4.435 -0.83889
4.445 -0.890721
4.455 -0.941096
4.465 -0.99005
4.475 -1.03761
4.485 -1.08382
4.495 -1.12869
4.505 -1.17227
4.515 -1.21457
4.525 -1.25563
4.535 -1.29548
4.545 -1.33414
4.555 -1.37164
4.565 -1.408
4.575 -1.44326
4.585 -1.47743
4.595 -1.51054
4.605 -1.54261
4.615 -1.57367
4.625 -1.60374
4.635 -1.63285
4.645 -1.66101
4.655 -1.68824
4.665 -1.71457
4.675 -1.74002
4.685 -1.76461
4.695 -1.78835
4.705 -1.81127
4.715 -1.83338
4.725 -1.85471
4.735 -1.87527
4.745 -1.89508
4.755 -1.91415
4.765 -1.93251
4.775 -1.95017
4.785 -1.96714
4.795 -1.98345
4.805 -1.9991
4.815 -2.01412
4.825 -2.02851
4.835 -2.0423
4.845 -2.05549
4.855 -2.0681
4.865 -2.08015
4.875 -2.09164
4.885 -2.1026
4.895 -2.11302
4.905 -2.12293
4.915 -2.13234
4.925 -2.14126
4.935 -2.1497
4.945 -2.15767
4.955 -2.16519
4.965 -2.17226
4.975 -2.1789
4.985 -2.18511
4.995 -2.19091
5.005 -2.19631
5.015 -2.20131
5.025 -2.20593
5.035 -2.21017
5.045 -2.21405
5.055 -2.21758
5.065 -2.22075
5.075 -2.22359
5.085 -2.22609
4.075 2.33651
4.065 2.47284
4.055 2.61255
4.045 2.75572
4.035 2.90243
4.025 3.05275
4.015 3.20677
4.005 3.36456
3.995 3.52622
3.985 3.69182
3.975 3.86146
3.965 4.03523
3.955 4.21322
3.945 4.39552
3.935 4.58223
3.925 4.77345
3.915 4.96928
3.905 5.16981
3.895 5.37517
3.885 5.58545
3.875 5.80076
3.865 6.02122
3.855 6.24694
3.845 6.47804
3.835 6.71463
3.825 6.95685
3.815 7.20482
3.805 7.45867
3.795 7.71852
3.785 7.98451
3.775 8.25679
3.765 8.53548
3.755 8.82074
3.745 9.1127
3.735 9.41153
3.725 9.71738
3.715 10.0304
3.705 10.3507
3.695 10.6786
3.685 11.0141
3.675 11.3574
3.665 11.7088
3.655 12.0684
3.645 12.4363
3.635 12.8128
3.625 13.198
3.615 13.5922
3.605 13.9956
3.595 14.4083
3.585 14.8306
3.575 15.2627
3.565 15.7048
3.555 16.1572
3.545 16.62
3.535 17.0935
3.525 17.5779
3.515 18.0736
3.505 18.5806
3.495 19.0994
3.485 19.6302
3.475 20.1732
3.465 20.7287
3.455 21.297
3.445 21.8784
3.435 22.4732
3.425 23.0817
3.415 23.7042
3.405 24.341
3.395 24.9924
3.385 25.6588
3.375 26.3406
3.365 27.038
3.355 27.7515
3.345 28.4813
3.335 29.2279
3.325 29.9917
3.315 30.773
3.305 31.5722
3.295 32.3898
3.285 33.2262
3.275 34.0818
3.265 34.957
3.255 35.8524
3.245 36.7683
3.235 37.7052
3.225 38.6636
3.215 39.6441
3.205 40.6471
3.195 41.6731
3.185 42.7227
3.175 43.7964
3.165 44.8947
3.155 46.0184
3.145 47.1678
3.135 48.3437
3.125 49.5466
3.115 50.7772
3.105 52.0361
3.095 53.324
3.085 54.6415
4.085 2.20349
4.095 2.07371
4.115 1.82358
4.145 1.47094
4.185 1.04016
4.235 0.559695
4.295 0.0593128
4.365 -0.432491
4.445 -0.890721
4.535 -1.29548
4.635 -1.63285
4.745 -1.89508
4.865 -2.08015
4.995 -2.19091
5.135 -2.23395
5.285 -2.21837
5.445 -2.15463
5.615 -2.05354
5.795 -1.92548
5.985 -1.77983
6.185 -1.62468
6.395 -1.46665
6.615 -1.31093
6.845 -1.16134
7.085 -1.02054
7.335 -0.890228
7.595 -0.771282
7.865 -0.663998
8.145 -0.568221
8.435 -0.483489
8.735 -0.409132
9.045 -0.344361
9.365 -0.288325
9.695 -0.240159
10.035 -0.199013
10.385 -0.164072
10.745 -0.134574
11.115 -0.109814
11.495 -0.0891487
11.885 -0.071999
12.285 -0.0578471
12.695 -0.0462349
13.115 -0.0367605
13.545 -0.029074
13.985 -0.0228736
14.435 -0.0179002
14.895 -0.0139338
15.365 -0.0107886
15.845 -0.00830867
16.335 -0.00636457
16.835 -0.00484921
17.345 -0.0036748
17.865 -0.00276984
18.395 -0.00207649
18.935 -0.0015483
19.485 -0.00114824
20.045 -0.000846945
20.615 -0.000621335
21.195 -0.000453358
21.785 -0.000329004
22.385 -0.000237467
22.995 -0.000170471
23.615 -0.000121713
24.245 -8.64306e-05
24.885 -6.10434e-05
25.535 -4.28797e-05
26.195 -2.99574e-05
26.865 -2.08161e-05
27.545 -1.43858e-05
28.235 -9.88801e-06
28.935 -6.75966e-06
29.645 -4.59601e-06
30.365 -3.10798e-06
31.095 -2.09033e-06
31.835 -1.39827e-06
32.585 -9.30271e-07
33.345 -6.15556e-07
34.115 -4.05103e-07
34.895 -2.65157e-07
35.685 -1.72617e-07
36.485 -1.11764e-07
37.295 -7.19715e-08
38.115 -4.60956e-08
38.945 -2.93629e-08
39.785 -1.86028e-08
40.635 -1.17219e-08
41.495 -7.34614e-09
42.365 -4.57889e-09
43.245 -2.83858e-09
44.135 -1.75018e-09
45.035 -1.07326e-09
45.945 -6.54583e-10
46.865 -3.97069e-10
47.795 -2.39557e-10
48.735 -1.43744e-10
49.685 -8.57853e-11
50.645 -5.09185e-11
51.615 -3.00593e-11
52.595 -1.76491e-11
53.585 -1.03063e-11
